0.701704 44.752223 -0.299107
1.202029 464.737892 -0.772438
1.008550 107.201740 -0.834017
-2.266294 188.347008 0.697946
-1.581399 1119.953672 -0.574269
-1.742285 1124.099646 -0.728166
-2.545140 71.468489 0.131696
2.612788 514.312597 -0.417002
-0.090133 764.620654 -1.094824
1.261926 1163.763315 -0.307154
1.186463 932.756577 -0.685124
1.079889 707.109133 -0.840242
-2.973350 933.342000 -0.743392
2.311453 158.880874 -0.222203
-2.806699 488.223739 -0.631462
-2.564522 209.182963 -0.010206
0.580554 43.200639 0.019605
1.179995 998.792807 -0.565364
-1.431824 738.230072 0.125721
2.132143 602.376546 -0.319445
-1.668954 755.834008 -0.355975
-1.602236 275.992693 0.176067
0.236220 522.890634 -0.384991
1.085253 221.083804 -0.804289
0.258604 128.801758 0.229362
-0.918221 1009.796079 0.791045
-0.026093 728.194206 -1.034212
0.676174 796.222886 -0.246745
-0.839695 703.616463 0.595213
-1.235837 394.105209 0.568684
1.310155 666.757715 -0.343557
2.877396 331.033692 -1.020651
1.535743 684.363551 4.815149
0.037210 1142.007399 -1.096862
1.109099 263.016264 -0.799791
0.213069 744.959226 -0.677949
1.627289 246.188403 3.405971
-1.741909 376.141366 0.293901
-1.430808 1056.288794 0.025724
-1.855223 685.569170 -0.085585
-1.964878 915.791234 -0.169864
-0.204218 295.059115 -1.297361
0.790318 106.250192 -0.464744
-1.437774 390.302868 0.158564
-0.778172 753.457097 0.450730
-1.997477 691.242939 0.234389
-2.073952 883.478542 0.132950
-0.945266 433.782454 0.873672
-0.653628 1107.327165 0.305226
2.956650 289.425480 -1.106072
-1.111342 1134.045993 0.964897
-0.226538 1109.326176 -0.817553
1.913113 738.115162 -0.510654
-2.099968 382.546522 0.653157
-2.194536 420.581584 0.618111
1.255830 182.834877 -0.411270
-0.745876 1098.097347 0.465336
1.111048 542.515342 -0.888840
-0.001561 532.113661 -0.754299
1.671234 1128.148297 0.621972
-0.641007 1032.927138 0.228188
2.841084 664.910056 -0.777035
1.311090 600.760056 -0.285515
1.104134 220.024247 -0.796522
0.787294 942.422832 -0.275008
-0.860849 91.665468 0.901974
1.638093 411.198278 2.581988
0.196226 189.000063 0.040489
-1.879540 1131.609028 -0.729246
-1.246565 372.134738 0.540596
-2.384736 1125.306132 0.004105
-2.887477 697.503590 -0.712870
-2.376442 715.856745 0.123921
-0.591572 57.148920 -0.631225
-0.517614 1152.979187 0.034516
-1.422762 98.289863 0.077199
2.821328 274.894273 -0.982213
2.256796 136.769778 -0.257039
1.047081 876.684543 -0.687376
-0.343529 593.860649 -0.994804
-1.084819 700.086322 0.781383
-2.425302 463.755162 0.287168
0.503594 941.339698 -0.523421
2.210041 112.517774 -0.264113
-0.718104 605.199222 0.346906
1.065062 505.254231 -0.839627
2.812696 462.867275 -0.803637
-1.090004 616.078840 0.847916
1.006597 303.181146 -0.787504
0.186009 653.234380 -0.545900
0.167483 373.248243 -0.230522
-0.733747 576.180794 0.386159
-0.647135 955.924540 0.192662
-0.546022 181.437228 -0.712459
2.315995 284.875059 -0.168467
-2.422375 667.764392 0.090944
0.127402 363.205021 -0.322833
-3.138366 182.305778 -1.165144
-1.719083 1078.071508 -0.684868
0.354081 652.161932 -0.456154
1.814913 142.218968 1.098311
2.415654 252.914584 -0.187129
-2.372839 1025.847927 0.023381
-2.939131 477.272281 -0.824010
1.579107 818.254041 3.792771
-1.200718 1130.057656 0.849790
0.172732 1172.658899 -1.146494
-1.294947 604.024991 0.490148
-0.564904 1005.505116 0.048848
-0.839628 417.615155 0.669786
-0.333746 827.703991 -0.873030
1.594729 578.234731 4.224325
1.923578 262.090272 0.201809
2.270504 510.888476 -0.182956
1.898822 418.126604 -0.025490
1.653392 398.140203 2.348835
-0.755494 961.092412 0.419332
1.176020 55.203338 -0.527222
3.117492 1174.820747 -0.759860
-2.541166 401.481886 0.026685
-0.165936 920.940380 -1.042452
2.296826 1064.757943 -0.274201
1.050838 323.251643 -0.832007
-2.358320 1042.047049 0.054328
1.626978 836.182945 2.379945
0.979476 95.642286 -0.823907
1.005708 673.143060 -0.718096
-2.862503 853.564307 -0.641424
1.565070 673.916513 4.641795
2.248918 1104.924874 -0.291995
0.671555 904.709989 -0.288200
1.496921 390.343680 2.344490
0.799678 654.224023 -0.260109
-0.754229 677.121634 0.421169
2.864932 248.740498 -1.060706
-2.203086 1148.994585 0.097644
-2.157629 802.648676 0.268113
1.481426 790.203596 1.613015
-1.668390 175.882545 0.341821
-1.432352 1164.190675 -0.015931
-0.321844 785.671736 -0.899533
1.615855 1182.259671 1.698339
-0.532731 780.403555 -0.298600
-0.962844 279.756757 0.931805
-0.746850 451.158299 0.383562
-1.497313 214.365367 0.109645
1.677258 532.121711 1.966773
-1.467406 252.332035 0.129634
2.343678 288.956457 -0.139366
-0.831403 267.594290 0.682760
-0.361673 235.794818 -1.287882
-2.803864 208.083306 -0.668599
1.429850 962.166860 0.706970
-2.333870 726.447122 0.193422
0.920874 828.054529 -0.519083
-0.639990 1118.930758 0.285762
-2.081043 928.486284 0.103946
1.589054 641.949854 4.291423
-1.658330 825.845794 -0.472303
-0.529981 914.482545 -0.149851
-2.131822 733.100359 0.327254
0.443635 1116.063573 -0.754863
2.755122 212.553520 -0.882368
0.657696 160.767171 -0.136686
0.668252 632.736798 -0.081567
-3.013759 177.149330 -1.049870
1.511793 428.830825 3.207706
0.946904 189.583979 -0.747101
1.189838 908.753011 -0.715377
1.049187 897.186332 -0.658998
-2.331035 42.940222 0.628892
2.731945 442.599888 -0.677619
-0.906432 1179.301685 0.723010
-0.107121 720.609452 -1.107234
-0.261281 1053.286248 -0.767893
-0.414962 551.759557 -0.857305
2.940638 197.400942 -1.175485
2.813719 894.813085 -0.636808
-2.302678 56.432013 0.685221
-2.972537 733.170756 -0.827725
0.408998 296.175313 0.090305
-0.788998 251.490401 0.531508
-1.075724 958.074914 0.939169
2.480310 1044.027844 -0.282984
-0.756239 939.405724 0.409170
2.554837 1021.934872 -0.303452
0.118218 533.679909 -0.520428
-3.040067 545.072271 -0.907315
-0.865493 677.684240 0.637234
-0.976824 919.671078 0.856673
-0.645718 132.012703 -0.290897
-1.034840 469.719143 0.924926
-1.338760 1114.084149 0.436954
1.080576 241.101002 -0.814871
-1.152429 659.946540 0.780456
-1.472104 576.263715 0.125394
-1.192216 338.026681 0.641536
1.825455 58.144388 1.296908
-0.679888 711.282568 0.187403
1.243219 382.801580 -0.582976
-0.582907 632.032674 -0.122563
-0.096595 464.651359 -1.006000
-1.338681 700.371772 0.411757
1.639241 824.203335 1.940244
2.590517 965.699016 -0.341763
3.087298 1112.862580 -0.752087
-2.563617 501.172923 -0.107005
-2.727515 860.394182 -0.527595
-2.653398 880.660854 -0.401977
1.254536 476.816642 -0.563885
2.423779 39.712762 -0.287694
-2.825347 934.134092 -0.592848
-1.284811 878.242955 0.511704
-0.759272 503.135675 0.420386
0.313228 650.594755 -0.502862
1.101534 579.037568 -0.872849
2.882458 1174.465192 -0.501883
0.548472 591.132799 -0.156238
-1.571773 711.946599 -0.197519
-2.450328 963.902092 -0.087007
-1.476991 542.346194 0.077627
-2.210908 319.551077 0.643111
0.131755 353.210770 -0.306276
-2.005060 303.246109 0.709375
2.726999 490.570445 -0.630952
-2.137982 671.117615 0.393579
0.956922 669.063662 -0.598220
-2.091982 457.025506 0.596207
-0.364442 1063.827418 -0.465244
-2.970352 1080.840362 -0.623806
-0.313690 796.742577 -0.919847
2.659888 819.923136 -0.458752
-1.304618 800.201169 0.465261
0.709199 1146.733878 -0.277005
-1.102085 150.104567 0.794946
0.978381 49.649838 -0.797462
-0.576678 515.529323 -0.210653
1.051845 914.176327 -0.627162
2.423446 1115.354509 -0.268667
-2.062319 46.929032 0.949721
2.332982 730.869955 -0.297243
-2.161488 488.145082 0.579683
0.126467 311.209953 -0.264046
2.735075 902.549418 -0.489086
-0.500706 224.325395 -0.865439
-2.409621 87.821199 0.482889
1.071905 1044.704027 -0.507801
1.044382 821.185535 -0.753355
-2.190738 776.061262 0.295651
1.402067 820.494502 0.405607
2.503836 533.546849 -0.233365
0.079887 87.675776 -0.265491
-1.081603 158.139249 0.837580
2.830445 1076.840886 -0.504330
-2.431027 745.732453 0.000112
2.338331 666.897280 -0.305900
-2.616856 344.815470 -0.190150
1.043788 1020.173249 -0.496806
-1.407874 240.328283 0.176552
2.571809 425.706694 -0.351498
1.253823 1060.769705 -0.419344
0.915253 550.071422 -0.490948
2.104736 1152.423477 -0.401409
-0.094012 148.685853 -1.150574
2.094744 958.412379 -0.389734
1.533851 425.879723 3.792123
0.971025 1009.557687 -0.432094
2.282103 654.782856 -0.314119
-2.132790 609.113717 0.443807
-2.850821 960.079095 -0.605059
0.944829 776.961550 -0.540568
-1.865379 243.581831 0.609906
-2.320720 404.487421 0.512596
-1.911022 861.672009 -0.255881
1.569883 747.912099 4.404508
0.533776 998.214145 -0.456082
-1.338928 526.399759 0.359305
-2.008004 847.197212 0.017730
-0.776872 177.138035 0.487208
2.265947 484.761357 -0.167077
1.419095 784.441551 0.630568
-2.051341 1037.409718 -0.020180
-2.054333 147.120876 0.825798
0.360514 414.192704 -0.087567
-2.173943 423.191466 0.627551
0.993589 202.665363 -0.784157
0.667174 194.864259 -0.128906
-2.455468 48.147065 0.377493
-0.501238 863.819577 -0.318955
-0.036046 892.230712 -1.079110
2.977854 677.448209 -1.003785
2.627060 735.784831 -0.400745
-2.435846 253.756643 0.384027
-1.461732 768.248514 0.010509
3.129481 652.302503 -1.027699
-3.118151 1172.245400 -0.690010
1.103649 153.025977 -0.768019
0.244402 638.861952 -0.519851
2.539857 721.594931 -0.315263
1.967753 802.097213 -0.606726
2.857401 118.740388 -1.158816
0.829540 964.226886 -0.299895
3.121201 475.319352 -1.004421
-0.371697 427.834626 -1.049591
-2.223197 866.722218 0.236138
-0.625825 1108.706195 0.260120
1.012416 1143.109659 -0.465788
2.428868 415.250304 -0.151403
-1.448013 178.248978 0.117229
-2.446546 40.184012 0.396160
1.711316 126.217023 2.083520
-0.283260 423.565715 -1.236942
2.307131 440.833196 -0.145121
0.889674 1131.788477 -0.350908
-1.612093 469.968752 0.070155
1.047420 1159.661713 -0.472081
1.630635 494.207416 3.000481
-1.433267 242.301418 0.146617
-2.279708 136.382120 0.686197
-2.195597 291.081887 0.665230
1.978545 838.041748 -0.601771
-1.457577 154.321887 0.094397
1.804114 1050.063080 -0.106619
0.861656 777.782467 -0.389407
1.502223 1133.842216 1.566082
0.380879 404.224185 -0.076900
-0.043281 1146.135906 -1.077525
-0.727688 647.185292 0.366008
1.039530 679.200625 -0.789033
0.349605 244.199556 0.143538
2.156047 1114.399609 -0.341448
-2.108130 69.067567 0.911945
2.949660 1087.341163 -0.678685
-1.932867 745.709581 0.009425
0.508767 155.298020 0.111349
0.759988 864.538439 -0.290792
-0.900509 929.850690 0.737069
0.422060 287.769557 0.101294
0.061898 489.939971 -0.592466
-1.268121 746.685193 0.589001
-0.495262 864.549542 -0.340652
0.385589 1056.138968 -0.773036
-1.190992 566.024202 0.828023
0.949190 605.445944 -0.587610
0.855025 315.828138 -0.459022
-2.503882 709.053608 -0.104062
2.914602 689.298913 -0.886878
0.741052 794.621441 -0.252499
-0.709794 205.267558 0.149540
2.019169 732.511298 -0.539956
-0.879657 359.472450 0.797016
-0.276017 829.283957 -0.997921
0.965171 693.894539 -0.596246
0.958744 241.613097 -0.759555
-0.644071 332.745048 -0.091615
1.375400 618.790647 0.392230
-2.350388 1166.387927 0.017789
1.978438 46.184250 0.271794
0.731213 1004.659113 -0.238397
2.986421 643.461849 -1.010233
1.058492 736.659860 -0.793011
0.556295 135.154482 0.042778
-2.532725 349.501276 0.063771
-1.627487 858.412567 -0.436413
2.044258 1156.240332 -0.393366
-2.205066 725.516158 0.353409
-0.566193 1177.095657 0.131949
1.789305 1008.040366 -0.045570
-0.526620 844.007394 -0.259751
-0.753404 165.183907 0.358954
2.044278 872.257071 -0.524792
0.924922 323.540580 -0.639110
-2.297237 1150.485650 0.086632
-1.166336 1123.982997 0.897443
2.527050 946.989169 -0.337751
-2.229402 228.725207 0.706037
-1.167874 1027.989706 0.894390
1.355042 208.337801 0.246525
2.298502 1020.776675 -0.265352
0.162233 1155.149195 -1.132672
-0.919068 405.828956 0.855418
-1.220494 690.095515 0.682198
2.179593 530.537547 -0.278590
-2.399586 643.814765 0.171529
1.538883 438.892455 3.252411
-2.221256 253.527533 0.699805
1.948559 86.125003 0.369244
2.534599 71.481330 -0.382878
-0.397240 391.796157 -1.015891
-1.800045 841.701773 -0.455675
2.350766 727.223841 -0.300122
0.705627 1122.731005 -0.277404
1.735903 389.998088 1.221429
2.301724 524.826788 -0.183366
-2.814670 886.160535 -0.593130
-2.063780 726.945600 0.290196
2.277328 340.877477 -0.194849
2.622860 923.762534 -0.373471
-2.090831 188.520026 0.798646
1.035061 67.235474 -0.812872
1.663328 476.109428 2.182420
-0.571253 314.496352 -0.451135
-1.279946 858.494417 0.522948
-0.685747 735.374974 0.206800
-2.001501 979.197531 -0.145588
2.987001 283.613548 -1.112261
0.306526 98.638990 0.311104
-1.555545 40.454954 0.207902
-1.018818 1040.194679 0.947254
-2.674391 722.656404 -0.410772
0.508183 393.312282 -0.013818
-1.403478 40.084830 0.001129
1.046134 1021.682139 -0.500767
1.477610 166.260098 1.874781
-2.374159 585.881222 0.297596
-1.941381 183.395317 0.751493
-1.998751 209.262476 0.754088
-2.298703 58.430833 0.692404
2.151930 186.480897 -0.249669
-2.788824 250.052430 -0.667343
-3.120736 392.419072 -1.027652
-0.903275 453.792575 0.789568
1.272439 660.843794 -0.603841
2.346091 952.890970 -0.282590
-1.206939 40.010012 0.629368
0.041988 667.985178 -0.797999
3.091397 215.865917 -1.178522
-0.391054 67.825392 -1.365053
-2.847984 1007.568068 -0.581733
-0.645622 761.445875 0.076601
0.175664 153.052490 0.032741
-2.535692 473.117855 -0.014115
1.609881 346.000419 3.854596
-0.096697 274.664318 -1.086119
-0.412687 357.758867 -1.025985
-0.705193 693.238939 0.273275
-0.134692 840.575431 -1.114041
-3.085815 732.451838 -0.959192
-1.313986 716.183962 0.483798
2.527609 527.492110 -0.261253
-1.471590 650.334498 0.049398
-0.676533 898.777344 0.194142
0.585126 913.116655 -0.387960
-2.752376 650.308227 -0.536771
2.487343 925.565520 -0.345665
1.451289 322.170419 1.525038
1.678427 210.154018 2.208621
0.835203 173.819149 -0.525934
-0.748422 1103.100437 0.477103
1.142469 44.383448 -0.610103
-0.217960 346.918169 -1.291227
-1.719765 608.071718 -0.123385
3.013179 605.536851 -0.983849
-2.527159 1033.585419 -0.216771
2.883423 565.024463 -0.917727
-0.485987 716.072424 -0.513929
2.152068 740.428375 -0.335636
1.009485 660.165433 -0.727851
-1.008112 1004.105384 0.945442
-0.911884 899.809013 0.752125
-3.106865 1148.356573 -0.658932
1.530122 92.391680 3.464350
-3.137253 778.284586 -1.006996
-2.100652 937.535776 0.134108
-2.240506 440.461876 0.579757
0.839061 51.770285 -0.612917
0.213446 588.952811 -0.454047
-1.683947 191.838195 0.353140
1.784976 408.100621 0.698392
0.723190 612.674693 -0.139672
0.545886 969.150035 -0.445849
0.846287 379.788476 -0.388150
-0.900916 595.804625 0.709035
-2.080478 823.987065 0.199737
1.542392 706.868170 4.108437
1.711862 210.035400 1.847642
-0.805531 201.585653 0.603330
1.311580 244.751882 -0.102982
-2.323543 96.000120 0.636512
2.901628 87.327041 -1.234242
-2.411566 989.749845 -0.030420
-0.938660 823.758680 0.732903
1.052207 1125.661496 -0.465022
2.684028 852.236197 -0.457112
1.643601 520.086211 2.559243
-2.227738 178.511657 0.744499
-1.309610 138.260231 0.276934
-0.785448 731.062258 0.480149
2.380668 961.265118 -0.279770
2.036767 98.321811 -0.041602
-1.136219 814.213414 0.753178
-2.603035 896.801615 -0.322060
-2.343244 816.032727 0.087917
1.039117 498.216337 -0.805314
-2.199857 642.549396 0.426815
1.843371 1012.111391 -0.248721
2.881652 213.059540 -1.102923
-0.699067 372.895200 0.182589
-1.872727 863.596019 -0.347269
-2.173842 754.601407 0.316919
-0.933943 135.342756 0.958705
-2.115386 930.066316 0.168699
-0.775944 247.128692 0.476970
-1.138504 1176.067824 0.929796
-0.140096 886.557433 -1.085146
0.151361 1163.133608 -1.138257
0.066241 305.434293 -0.464071
-0.404986 1036.204379 -0.373837
1.810039 704.102873 -0.011890
2.525947 285.608238 -0.299096
1.928641 230.081853 0.207490
-0.870859 1179.411079 0.718923
2.047445 626.296515 -0.357724
-2.283306 318.395270 0.586882
1.785858 524.091177 0.481364
-3.048481 1172.983562 -0.631471
2.386608 93.101003 -0.248442
2.601534 1007.730058 -0.320847
1.765864 236.078529 1.282947
1.923019 1014.100502 -0.382250
-2.825620 1104.120297 -0.550081
0.317462 776.591200 -0.621313
1.707304 494.180311 1.455869
-1.794796 547.929412 0.121514
2.084759 1100.368550 -0.355056
0.430224 852.099685 -0.568933
-0.261788 842.310471 -1.008630
-2.085930 1005.008189 0.070883
-2.426245 243.788354 0.412671
-2.008029 845.193225 0.023117
0.063468 205.939410 -0.435571
-0.294699 1177.737594 -0.643040
1.526186 688.339166 3.503787
-2.875756 655.548365 -0.709977
-0.657366 1064.885651 0.279892
-0.766074 615.445673 0.488242
-2.216203 774.992872 0.287958
-2.825445 1076.115247 -0.564934
1.292859 536.853750 -0.373037
-0.223725 753.368561 -1.089228
2.460393 713.499483 -0.297552
-2.558105 146.965819 0.036295
-2.906612 211.511117 -0.904243
0.111842 827.635056 -0.944939
3.104652 158.343667 -1.212547
-0.620390 138.567851 -0.409885
-0.934302 541.788362 0.749947
-2.414172 939.748432 -0.049939
0.066680 957.929509 -1.038800
2.932330 981.312281 -0.736667
1.338365 510.684382 0.031660
-1.049725 754.148814 0.789987
1.158937 628.857959 -0.920637
2.666959 210.932812 -0.670839
1.963633 148.153746 0.196885
-2.712887 202.356266 -0.467365
-1.311982 818.038007 0.439256
-0.424035 456.233311 -0.856151
1.385684 936.543875 0.213972
-2.259574 528.329973 0.504884
-1.309579 576.221564 0.420099
-1.146310 355.943180 0.752749
-0.456780 414.185727 -0.804091
-2.347526 999.901042 0.059816
-0.801438 333.516951 0.580741
-0.581043 500.541944 -0.210301
1.435475 52.147749 0.931216
-3.124152 1138.259717 -0.701701
-0.110431 46.673692 -1.291730
-1.716350 630.208067 -0.169175
1.013356 764.148907 -0.699758
-2.998336 949.105079 -0.745252
-3.129321 1148.264165 -0.697330
1.111725 830.504788 -0.817407
2.715206 688.150973 -0.575941
0.381851 101.737566 0.281849
0.537316 855.193536 -0.416085
0.537367 847.567531 -0.410129
-1.372873 1058.305809 0.271507
1.537020 513.372017 4.943922
1.040867 143.746709 -0.807845
1.114478 834.990894 -0.816494
-2.114180 71.070829 0.910365
0.443602 926.059205 -0.586067
-1.962861 301.345506 0.669261
-1.476595 890.286243 -0.092100
-0.645395 1064.912879 0.261882
-1.591560 287.985335 0.161105
-1.482192 292.282675 0.143947
-0.117449 1070.563400 -1.008342
-1.338637 872.369890 0.369191
1.391455 844.256511 0.285474
-2.918534 419.702411 -0.811957
0.454239 677.754939 -0.366981
-2.125850 771.705161 0.285005
-0.329903 1033.697798 -0.591943
-2.629778 940.735655 -0.367706
-0.840296 997.621956 0.627184
-0.003719 774.113457 -1.031682
-1.102731 228.095948 0.823613
0.226804 39.340299 0.340635
-2.221752 745.219735 0.331564
2.373732 47.063373 -0.270202
-2.754169 708.473416 -0.541424
-1.900521 603.662491 0.182175
-2.184434 194.620063 0.764642
-2.695119 43.280286 -0.414347
-3.002203 120.903764 -1.115516
-0.733653 971.139078 0.381383
-1.185467 1048.033745 0.878484
1.493225 162.005711 2.196829
-0.556059 1142.470913 0.114746
-2.182128 174.625261 0.779308
0.917318 787.561293 -0.489495
1.560784 187.950084 4.136811
-2.471936 285.474877 0.291121
-0.488595 1001.291215 -0.173558
1.007084 904.629647 -0.606307
-2.205099 571.541199 0.513982
-0.716016 683.207438 0.305447
-0.041134 590.240971 -0.925015
0.349862 284.188666 0.095016
-1.750799 370.101612 0.307597
1.627389 671.166890 2.990931
2.309887 496.844488 -0.145824
2.482468 453.096287 -0.215036
0.417121 968.689541 -0.634279
1.438107 767.646631 0.884141
-0.924333 495.831563 0.784488
-0.869620 787.450228 0.649243
-0.637900 161.211629 -0.289767
2.567180 768.410227 -0.378557
2.852784 430.963755 -0.897609
1.523645 402.363666 3.469329
1.596649 539.730702 4.157879
-2.346039 964.021617 0.076725
2.974112 969.400957 -0.788499
-0.662224 795.832521 0.114474
-1.965077 255.349423 0.693585
0.857605 1096.232398 -0.304356
-1.754910 609.635561 -0.088766
2.536487 737.593640 -0.330551
2.109866 502.334500 -0.356458
0.679571 800.728662 -0.252388
-2.081816 1082.494635 0.020805
0.555832 323.140593 0.013014
-2.681782 1002.775525 -0.411609
-1.005150 1176.596094 0.890596
1.014480 421.191120 -0.788274
1.005603 90.684647 -0.826558
-1.476928 958.271467 -0.109474
-1.704561 626.040356 -0.177027
-0.287433 679.575761 -1.037158
2.117608 132.394063 -0.234826
1.131684 1146.944811 -0.452024
1.381667 1110.565268 -0.094017
1.671745 1078.071506 0.706967
3.135912 1090.287994 -0.740434
-1.811198 653.961031 -0.038220
0.937774 603.996037 -0.560151
2.404681 1173.293585 -0.307467
2.853970 564.953208 -0.860323
-0.468860 816.099716 -0.475054
2.554193 111.698778 -0.432188
0.921672 149.538448 -0.728240
1.604892 102.225578 4.175608
-1.844320 513.786289 0.244845
-2.568374 445.189760 -0.072259
-2.340429 360.043021 0.511770
2.373502 369.033625 -0.138796
-3.020263 709.075617 -0.890054
-1.757150 562.136649 0.032977
-0.462994 638.166784 -0.634511
0.163420 711.198211 -0.673343
-0.631692 790.218427 0.033275
-0.159310 771.051029 -1.106985
-1.004077 143.833707 0.944134
-1.556890 790.410117 -0.264947
0.136732 999.639947 -1.010622
-2.334852 96.025340 0.615924
2.111499 674.332448 -0.349408
0.005769 845.089450 -1.063658
-0.365293 267.860840 -1.243897
-2.549439 383.155390 0.004806
2.997748 769.586183 -0.949405
-2.639020 82.768469 -0.213184
1.051065 649.226966 -0.800853
2.658995 399.969400 -0.555171
-0.488300 590.081108 -0.513937
1.291709 826.809547 -0.508139
1.697168 398.169951 1.690235
0.797718 1098.169852 -0.276617
-1.621724 157.979378 0.267994
0.500378 367.348146 -0.005574
-2.105872 802.049723 0.240391
-0.563812 647.981668 -0.226439
-1.611635 121.995308 0.269802
-0.949057 1149.690861 0.858414
0.509620 639.317963 -0.237866
-0.199779 663.026239 -1.109499
1.100262 1045.233153 -0.520412
1.609958 122.021221 4.090562
2.283793 526.862596 -0.197290
0.928754 841.022167 -0.525796
2.891788 401.070270 -0.976082
1.400433 932.001822 0.382709
-1.941790 161.402484 0.765144
2.856868 300.990553 -1.021659
0.284423 670.715788 -0.560818
1.265070 258.842048 -0.409219
0.327653 638.615391 -0.466924
-1.925853 411.701600 0.465820
-3.066082 568.508392 -0.929828
2.906527 931.266414 -0.750114
-2.209217 954.992640 0.246815
-2.061242 782.434588 0.210709
2.640461 603.884337 -0.449977
-0.658775 1105.325223 0.313021
-1.637310 357.931267 0.177966
-0.689709 743.873601 0.219946
-0.053937 182.288470 -0.948125
2.979264 799.425675 -0.928115
1.790839 270.116553 0.981674
-1.618431 621.937966 -0.148080
3.054306 481.941682 -1.049861
-0.003111 676.113193 -0.941136
0.432800 1109.687405 -0.762138
0.938402 291.481103 -0.671633
1.634432 1181.455380 0.840974
-1.080045 358.121619 0.867769
0.594247 247.195360 -0.028179
-1.918651 747.691390 -0.042148
-2.191604 296.098514 0.656043
-2.409319 751.782154 0.027396
-0.204132 181.062140 -1.415370
-2.091697 531.520391 0.518609
3.136671 100.309674 -1.230589
2.205532 1166.538432 -0.368489
-0.923292 1143.755576 0.821416
0.532834 44.176509 0.133001
1.408572 644.464290 0.795286
-2.076999 792.985718 0.219875
-0.984325 630.191530 0.766250
-0.431076 644.708581 -0.752483
-1.305302 368.245176 0.412428
-1.196633 238.033873 0.622932
-2.335171 1132.425684 0.065507
0.849929 549.795632 -0.312198
-0.579196 1050.546409 0.117638
-0.328507 473.412564 -1.149450
2.915754 625.313084 -0.920353
-0.204706 572.924273 -1.148267
2.424046 159.257012 -0.232814
1.518847 798.308745 2.982191
-1.705347 654.040754 -0.190414
2.221245 710.491553 -0.294939
-2.089404 523.016527 0.537060
2.727378 340.110308 -0.761224
2.640257 945.853613 -0.377631
-1.070339 112.168571 0.819132
1.006606 649.663347 -0.695574
1.424225 944.179138 0.673121
-2.071195 448.481504 0.581999
1.625736 1088.455644 1.776383
2.323358 354.886439 -0.149707
2.204181 640.523382 -0.328750
0.953166 291.590155 -0.695583
1.142247 1083.420108 -0.491848
2.276450 674.871281 -0.302189
-2.022062 855.833952 0.050768
-0.946190 159.810637 0.950323
-2.185827 689.568588 0.387656
-2.986324 711.147257 -0.837079
0.496288 44.349072 0.193667
1.519299 394.356502 3.386898
-1.895157 1051.639018 -0.522453
-2.506165 499.557087 0.048332
2.754815 976.045467 -0.478963
0.256965 874.754665 -0.812381
-2.833451 381.666841 -0.716102
2.326145 738.861918 -0.278757
1.819716 670.203864 -0.047431
-0.462826 644.157728 -0.627688
0.030401 584.022136 -0.704554
-0.744671 575.663437 0.421388
0.438516 175.584091 0.174845
-0.805394 1077.531320 0.576677
2.525414 838.569425 -0.364978
1.814653 850.108382 -0.158790
-2.359449 294.071274 0.538116
2.460461 610.172528 -0.169171
-1.060754 794.118338 0.802773
-1.256017 586.160792 0.618446
-2.941349 379.274135 -0.852240
-2.205950 77.535392 0.830494
2.123272 1176.304621 -0.417521
-2.113035 633.071402 0.396492
2.154226 350.471125 -0.296456
-1.101527 458.082511 0.877074
1.098446 245.040022 -0.810955
-0.605871 904.526489 0.030513
-0.928020 361.826165 0.866481
2.152832 36.497210 -0.257639
2.893126 916.746268 -0.744840
2.484579 438.094122 -0.216048
2.226236 822.481991 -0.314963
2.410053 477.142413 -0.159015
-2.148890 705.146552 0.356943
0.764121 658.519276 -0.211194
-0.249585 1053.305460 -0.790646
-2.857836 73.611197 -0.914490
0.778601 68.215943 -0.454714
-1.940193 1129.713651 -0.538019
2.508553 875.538871 -0.370874
0.102843 663.648120 -0.657576
-2.460268 599.434316 0.121578
-0.617676 625.663846 0.000916
2.938906 293.390737 -1.097055
-0.609464 632.623699 -0.026916
2.640534 283.859992 -0.566485
-0.975606 1137.810647 0.894628
1.893385 874.063110 -0.502381
1.392547 580.251632 0.654187
2.906242 661.069965 -0.893764
0.018573 848.055024 -1.054689
-0.794743 177.510861 0.564692
1.514690 1164.263442 1.618435
-1.993927 1007.219412 -0.180381
-2.634102 918.739252 -0.374401
1.643686 138.175868 2.946900
-0.153475 1116.948990 -0.947988
0.470963 485.972502 -0.126416
-1.471348 48.812890 0.076387
2.442065 1053.408230 -0.273933
1.530353 929.309497 3.402289
1.089173 943.074779 -0.626067
-2.125320 993.179036 0.163182
-1.553987 459.408460 0.045489
0.255636 192.816861 0.153842
-1.634278 245.951690 0.233076
-0.630975 938.717178 0.138416
2.460181 1029.470665 -0.281800
-2.549142 43.142203 0.125831
3.052704 469.937409 -1.054757
-2.370530 262.083243 0.531115
1.774610 1042.003771 0.014398
1.382975 662.270267 0.407058
-2.049475 599.102959 0.381485
-0.901951 87.786536 1.010123
1.871379 1178.183027 -0.166522
-1.592080 879.969898 -0.409934
-0.473855 288.156365 -0.898285
-2.552033 1135.129083 -0.326652
-2.547131 799.137013 -0.236229
-2.074845 652.971904 0.372483
-2.997200 585.146700 -0.849546
-2.784091 58.029881 -0.732150
1.201709 154.759365 -0.578644
0.501054 1003.356404 -0.533072
0.159997 121.271950 0.034576
-0.610645 204.627107 -0.379177
-1.887229 81.632575 0.765222
-1.387384 940.292235 0.199758
-0.129519 536.603225 -1.099831
-0.589513 746.084248 -0.111590
-0.529072 950.485207 -0.102550
-0.787971 319.111997 0.538314
-1.773670 652.157469 -0.097570
2.386808 1161.262927 -0.289905
0.953081 761.432369 -0.550636
-1.723949 924.077776 -0.575303
-1.968043 763.295622 0.071400
-1.541046 838.383114 -0.276033
0.762415 930.532088 -0.250413
-2.509611 149.567679 0.193571
-1.841897 347.785165 0.430892
-2.207257 76.533828 0.825567
1.231255 1068.721802 -0.451404
3.023083 706.013648 -1.024233
-0.639682 577.483363 0.083994
0.878842 39.314557 -0.738080
0.045004 747.979130 -0.936590
0.828152 514.267106 -0.291776
2.936864 177.401095 -1.189234
1.893494 842.141140 -0.502641
-0.626999 590.498425 0.032341
1.360044 124.324092 0.225552
2.372764 1047.233770 -0.259463
1.621634 427.697622 3.474739
-2.220833 503.005440 0.542453
-2.074697 1104.978906 0.011524
0.309088 492.610118 -0.242017
2.620654 543.788389 -0.436451
-2.974414 1153.130347 -0.585146
-2.022180 303.202086 0.718736
-1.029107 1012.176731 0.959420
-1.162461 1061.986960 0.913755
-2.596855 811.322580 -0.302824
-2.087353 939.005703 0.098437
0.031907 462.025809 -0.643840
0.937388 634.992926 -0.553954
-1.720815 620.075220 -0.153525
-0.369383 105.821047 -1.388357
3.092207 597.870545 -1.012715
-1.882549 925.612420 -0.390239
-3.075674 1084.931365 -0.666422
2.172117 1058.619350 -0.326520
-1.091724 232.113398 0.837166
1.102704 787.034166 -0.830152
0.107311 681.650888 -0.686901
1.530567 823.329493 3.478318
1.389869 330.257174 0.610625
-0.341059 1177.740897 -0.495245
2.110906 310.365881 -0.293451
2.885795 1061.208821 -0.577388
-2.487901 963.507391 -0.156899
-1.343388 896.100375 0.349889
-2.406535 995.762590 -0.028466
1.036916 630.699561 -0.738601
-2.163353 1018.099813 0.193370
1.589129 683.446974 4.110898
1.624800 130.189918 3.898861
-2.161614 639.166097 0.416135
2.378590 1105.254353 -0.253088
1.075569 197.117999 -0.792328
-0.662874 914.892831 0.174764
0.804023 225.759049 -0.401454
-2.217095 488.011193 0.550156
-0.622806 447.675775 -0.091053
0.899229 405.616115 -0.517281
-0.361253 623.805637 -0.933945
0.715180 1050.716219 -0.255409
-1.501689 1162.314280 -0.381283
0.023997 730.032226 -0.953228
-1.541766 682.385399 -0.092674
1.121324 1171.478640 -0.464006
1.294295 436.806280 -0.309198
-0.747172 585.645511 0.432444
-2.020858 735.170504 0.220909
-0.929287 311.837717 0.886273
3.104924 954.336805 -0.842133
0.226890 1054.915811 -0.984160
1.584254 966.905904 3.382533
2.532733 1095.551517 -0.296446
2.584695 161.771106 -0.488352
-2.162807 488.142549 0.579267
2.480338 483.107462 -0.205577
0.244614 954.741670 -0.880826
2.084512 116.466691 -0.183378
-1.576368 893.982013 -0.377783
0.830711 1158.212410 -0.321351
1.288661 176.374480 -0.249852
-1.694771 866.027645 -0.517794
1.128632 218.952071 -0.773440
1.160621 1044.848697 -0.526488
2.439514 84.992388 -0.269691
-0.655417 751.856749 0.113135
2.875790 240.766160 -1.078894
1.383390 712.560553 0.313349
-0.685260 802.860842 0.189987
-1.750852 558.091650 0.031881
