310.909   1174.136   261.8
146.126   754.321   378.119
216.694   1111.78   342.928
-261.395   1031.417   -314.052
-5.499   99.519   -407.764
-70.556   95.452   -401.672
-336.88   1148.365   -229.665
-351.651   705.414   204.226
403.703   454.238   -37.619
122.444   55.322   386.451
151.461   286.296   375.739
190.89   511.9   357.316
-401.667   286.525   -69.174
-274.608   1060.723   299.464
-384.379   731.641   -134.61
-341.303   1010.654   -223.053
340.643   1175.662   222.493
153.859   220.257   374.837
55.71   481.166   -404.45
-217.135   617.143   343.416
-40.606   463.682   -405.942
-12.946   943.49   -408.093
395.064   695.941   94.209
189.585   997.927   358.51
393.917   1090.029   103.308
246.691   209.34   -325.289
405.319   490.655   -11.652
316.621   422.66   253.598
271.605   515.483   -304.622
133.757   825.189   -386.059
104.22   552.349   392.071
-56.551   1187.585   404.856
-392.288   888.772   105.125
13.792   534.85   410.713
404.6   76.835   13.933
180.911   956.004   362.922
396.6   473.873   84.902
-23.287   973.072   409.028
-69.651   843.41   -402.49
55.711   163.107   -404.385
-114.886   534.035   -391.794
-157.215   303.861   -376.934
397.297   923.821   -83.247
286.252   1112.661   288.136
53.745   829.096   -404.711
289.59   465.615   -287.22
-169.27   528.423   -371.944
-197.304   336.218   -357.944
238.598   785.366   -331.771
322.334   111.693   -248.952
-399.319   930.398   73.747
179.796   85.185   -367.002
394.818   109.559   -92.439
-137.225   481.294   382.029
-206.161   837.16   -353.019
-238.512   799.159   -331.987
125.99   1036.247   385.873
298.262   120.961   -277.805
179.815   676.506   363.114
405.98   686.732   -1.633
-42.089   91.136   404.59
325.466   186.088   -244.782
-388.826   554.887   119.265
103.949   618.347   392.244
182.77   998.994   362.034
286.221   276.488   287.163
266.082   1127.443   -310.37
-277.512   1192.185   296.571
-27.864   808.068   407.884
399.386   1029.831   78.498
-124.711   88.006   -388.416
129.636   847.165   -387.442
-297.226   94.492   -280.767
-394.09   522.364   -103.231
319.589   26.502   248.972
-294.475   503.939   -283.178
337.604   1161.847   -227.588
352.653   65.99   -202.677
60.15   1121.101   -403.69
-385.695   944.897   126.958
-257.74   1082.809   313.997
202.408   342.312   350.923
381.93   625.054   -137.829
189.887   519.131   -361.786
-307.714   756.053   -268.527
355.217   277.512   195.133
-242.707   1107.039   325.702
306.351   613.847   -269.164
196.433   713.749   354.495
-384.979   756.922   130.285
188.149   603.141   -362.804
217.147   915.8   342.487
399.024   565.598   74.171
401.007   845.584   66.888
302.184   642.872   -273.95
324.034   263.093   -246.735
347.354   1037.542   -211.98
-276.162   934.731   298.217
-307.035   552.043   -269.355
403.324   855.629   50.746
-229.971   1190.966   334.727
-101.167   26.6   -395.029
-406.05   1037.548   -2.208
-61.195   141.469   -403.203
380.898   566.674   139.994
-98.658   1077.139   395.3
-304.502   966.735   269.268
-293.769   193.947   -284.254
-398.459   742.595   -82.696
-4.229   400.982   409.891
146.384   89.219   -381.589
398.751   46.175   68.606
110.491   615.3   -393.29
342.927   213.481   -219.146
272.03   801.484   -304.577
383.075   391.208   -134.188
-10.361   641.009   410.288
-140.882   957.324   381.385
-262.544   708.697   310.383
-131.496   801.275   384.492
-34.08   821.134   407.186
295.724   257.97   -280.601
156.538   1163.844   374.525
-407.571   45.031   8.611
-336.291   818.351   -231.038
399.631   297.932   -68.197
-271.275   154.84   303.149
201.699   895.746   351.718
-289.67   177.744   -288.5
-23.834   383.078   407.841
226.617   1123.329   336.497
217.03   545.838   342.246
-391.678   366.303   -113.088
1.724   545.312   410.789
-256.431   114.651   315.712
317.627   314.172   252.072
-108.41   28.836   -392.95
29.945   828.851   407.463
282.997   564.69   290.791
296.431   541.94   -280.145
-390.795   971.062   110.016
-241.93   70.749   -329.728
-226.416   417.079   -340.369
35.708   428.984   406.102
-39.726   1043.633   -406.492
54.949   55.206   -404.462
384.659   433.237   -129.589
-19.683   36.996   407.291
349.742   438.571   -207.727
232.971   939.4   -335.923
298.735   767.9   -277.855
29.839   1005.064   -407.111
-43.936   687.165   405.845
41.927   967.082   -406.066
-284.362   930.662   290.482
274.713   951.501   -302.293
379.555   983.125   -144.539
-383.616   1011.781   -135.605
56.31   256.996   402.733
-282.263   493.337   -295.479
245.263   390.897   322.682
325.653   100.084   -244.509
-199.871   291.213   -356.53
-8.107   577.291   410.386
-36.379   393.665   -406.247
350.271   304.491   -206.876
-217.531   486.618   -346.108
365.911   102.781   173.287
376.285   26.224   148.794
-376.405   1007.219   152.241
322.148   1058.111   247.94
318.961   586.144   251.225
-402.847   1042.715   -52.674
23.871   790.371   408.718
237.412   1029.376   328.976
150.207   310.301   376.23
201.655   321.811   351.369
-280.879   1176.843   -296.395
-373.228   777.166   160.937
250.243   39.829   -322.341
403.066   498.252   -44.47
391.526   165.607   -106.136
371.368   667.176   -164.821
-397.89   1022.419   80.141
-385.807   324.977   129.821
-272.441   1163.343   -304.29
-401.28   486.696   -69.428
373.525   922.664   161.042
287.155   967.586   -290.259
192.915   261.138   -360.251
-322.229   175.649   248.75
295.535   279.657   -280.809
-339.9   197.771   224.14
403.374   685.155   46.965
-404.668   674.791   -42.18
263.743   541.427   -311.569
227.429   299.493   -339.271
325.018   1087.004   -245.746
208.03   749.473   -351.873
92.558   105.264   -397.872
191.234   977.908   357.604
165.13   559.305   -373.823
39.621   643.153   -406.348
150.519   881.245   -379.899
-102.775   1161.219   394.454
316.116   507.748   -257.173
130.554   836.275   384.033
339.267   586.96   -225.101
403.919   754.208   -40.154
93.097   518.976   -397.721
-28.802   395.064   407.093
-347.618   254.02   211.906
-407.021   106.985   20.891
-341.383   718.664   -223.393
-373.163   359.465   -164.713
-360.161   339.19   -191.897
126.078   742.265   385.48
-306.347   1179.94   266.781
-387.394   285.732   -127.567
114.127   341.077   -392.244
295.235   715.928   -281.589
386.297   568.239   124.281
183.233   639.98   361.386
-394.368   45.343   103.029
346.802   627.725   211.207
-1.079   507.521   -408.046
-314.645   255.912   -260.658
37.677   677.073   -406.482
-243.789   900.195   -328.034
403.124   865.623   52.507
-171.796   916.423   -370.974
-372.525   729.194   162.784
-219.611   548.603   -344.804
233.586   549.9   331.322
-203.407   762.678   -354.624
378.897   155.093   -146.121
-401.762   139.027   -70.438
385.661   422.164   -126.439
-361.266   399.82   187.355
106.442   419.129   -394.378
307.581   72.157   263.819
184.319   1069.121   -364.876
227.058   1169.321   336.284
340.727   703.461   -222.898
200.712   304.822   351.929
-307.607   104.299   266.586
-192.487   1172.763   -360.684
-281.668   488.744   293.264
-227.507   731.584   -339.664
403.495   907.624   50.391
-374.477   317.218   159.711
356.372   994.638   -195.966
-303.16   1131.983   -273.336
193.485   174.302   355.97
203.393   397.81   350.332
-237.507   443.678   -332.729
67.632   398.655   400.729
-327.425   686.139   241.303
405.723   1131.161   31.603
191.745   1061.076   -361.065
-388.295   142.954   123.353
-309.373   474.077   -266.657
-283.153   552.719   291.769
-352.469   875.03   -204.847
203.484   198.822   350.375
65.98   979.055   -402.89
-342.894   794.005   218.503
125.674   158.312   385.359
247.441   668.878   321.396
-403.796   1190.233   -43.113
-208.256   67.083   348.993
404.267   1070.173   -39.005
-204.512   261.089   351.11
14.854   793.333   409.737
228.547   209.411   334.631
-266.231   564.808   307.181
-217.773   610.605   -345.961
-390.51   259.788   -117.687
237.488   441.998   328.481
-118.502   976.027   -391.152
-278.185   815.293   -299.297
-136.662   357.957   -384.705
-0.35   471.319   410.537
349.12   220.642   205.81
93.203   692.948   -397.643
-173.267   372.473   -369.997
290.703   1041.933   -286.702
-261.1   734.822   311.594
60.859   434.716   402.069
-189.306   182.278   -362.202
-189.674   1072.568   -362.13
380.623   804.643   142.644
-231.654   796.542   -336.83
221.722   1016.311   339.663
319.739   1024.016   250.977
-315.198   1171.668   -259.073
355.954   355.144   -196.602
404.945   326.62   -15.738
-401.395   542.38   65.172
-354.833   483.947   199.137
-310.331   966.054   -265.274
43.572   451.163   -405.851
-406.743   567.55   3.886
-407.644   47.612   -10.711
183.042   1065.992   361.99
393.997   579.97   97.376
-336.105   498.105   229.27
-157.985   417.34   373.895
-389.693   1101.06   112.965
273.746   254.696   299.01
-406.492   744.532   7.3
378.08   791.088   -148.479
-248.222   353.028   -324.85
329.059   110.303   -239.837
214.273   75.874   343.777
-308.274   804.405   265.199
49.866   1041.155   -405.141
-312.886   1179.629   -261.886
288.519   27.271   284.4
-57.277   1093.087   404.361
389.455   795.333   -114.427
-273.709   778.769   300.624
254.972   87.153   314.891
-17.195   749.519   -407.897
202.045   59.335   351.097
-24.942   725.055   408.472
55.746   977.095   -404.409
-265.5   1083.386   -310.494
-238.73   928.659   -331.735
-162.069   381.401   372.171
46.025   1065.087   -405.57
-95.222   169.29   394.909
264.14   441.15   307.663
26.803   85.356   406.627
-355.19   1187.797   196.509
-356.898   1190.345   193.311
377.642   814.613   150.378
404.515   72.716   -18.747
303.729   571.865   -272.118
205.254   539.793   349.347
382.595   974.635   138.608
-225.929   105.132   337.975
-208.771   1150.642   -351.459
-400.197   132.482   76.387
-144.959   473.929   -381.862
355.727   1063.553   197.508
294.07   354.365   279.226
252.459   289.277   -320.785
371.398   931.071   165.916
405.416   728.899   24.165
120.825   472.626   -390.306
357.096   354.412   -194.456
375.471   162.7   151.707
150.769   653.247   -379.953
236.234   613.515   329.528
266.709   903.102   305.98
-327.758   510.772   -243.413
-396.537   530.516   90.394
299.44   424.277   273.637
308.915   1013.775   -266.361
-176.991   486.952   365.401
259.815   859.645   -315.314
389.993   389.613   -111.783
230.807   525.072   333.237
233.418   977.351   331.739
325.331   886.271   -245.388
78.569   600.346   398.806
-287.51   53.401   -290.79
-161.393   1173.258   373.218
301.878   214.237   270.619
-401.899   576.368   61.745
198.5   482.341   353.168
345.866   1083.704   214.154
-334.303   870.33   -233.872
-23.91   361.083   -407.196
-186.721   63.236   360.872
-242.206   494.228   -329.335
346.533   26.676   209.349
342.503   41.891   -219.683
-89.308   211.305   396.331
350.953   374.965   -205.619
297.251   1053.877   -279.71
-186.316   347.219   360.833
244.504   895.412   323.725
-271.746   69.288   -305.636
159.4   95.276   -376.333
-333.389   272.706   233.469
-249.722   991.027   -323.497
158.941   191.27   -376.549
87.17   1010.789   397.088
-271.736   198.822   302.715
399.497   63.685   64.41
247.205   813.307   -325.376
139.321   529.191   -384.149
-233.163   689.005   332.809
-300.871   575.987   -276.315
12.754   780.323   409.265
-247.113   966.222   -325.522
-150.231   1133.302   377.956
-334.027   1148.216   231.179
374.265   827.134   -158.098
-93.272   377.877   -397.184
-286.851   492.398   288.22
308.555   96.159   262.721
-67.408   829.319   401.903
-272.153   694.773   302.045
-385.962   333.705   -131.672
-193.544   492.747   -360.017
-264.444   878.711   308.627
-354.246   295.968   200.582
-202.767   1031.183   -354.956
207.565   1151.756   348.579
-38.215   743.17   406.642
341.973   904.492   -220.856
116.056   360.823   -391.685
314.595   483.658   -259.044
-170.96   240.47   -371
-401.388   936.216   61.6
388.589   1120.193   122.09
6.365   1179.004   -408.211
212.929   178.99   -348.672
-363.883   497.197   -184.264
355.438   825.539   197.171
67.966   1179.296   -402.365
202.655   197.314   350.85
-191.16   1190.077   358.514
38.06   1052.925   406.4
-293.794   633.914   -283.931
-147.767   1036.247   -381.15
-169.36   1010.404   -372.063
-271.24   1161.343   -305.377
-223.43   1033.048   339.241
-381.6   969.811   -141.371
-406.362   827.437   -9.429
252.197   765.336   -321.389
118.899   558.246   387.591
-285.788   266.729   289.502
145.289   1179.269   -381.98
405.41   550.856   16.021
-405.569   1003.981   19.464
375.309   1151.103   -155.552
-390.259   212.299   -118.812
324.554   457.571   -246.117
400.971   1065.779   70.278
-335.082   746.714   -232.871
-16.289   873.251   409.789
404.071   944.195   -40.133
371.826   861.176   -163.851
309.622   525.802   -265.157
401.56   378.291   -55.618
-406.309   487.408   -23.703
102.862   503.151   -395.359
-333.062   692.203   233.448
39.73   569.082   -406.273
316.746   320.252   -256.167
338.199   305.748   223.572
-376.846   569.553   -155.344
-323.782   294.114   246.481
404.731   1187.496   -36.188
48.531   897.002   404.865
-44.038   1009.133   406.127
272.871   1045.105   300.621
297.559   115.959   -278.576
169.021   1174.65   368.995
396.07   871.965   -88.717
-60.969   611.469   -403.582
-403.414   614.298   51
-333.621   186.245   -235.763
-371.116   1192.688   164.033
-393.31   654.783   102.719
358.905   502.886   -191.004
-224.117   479.101   338.979
215.743   558.817   343.061
216.681   215.074   -346.349
248.853   319.324   -323.65
-407.512   71.502   -15.291
16.786   1126.819   409.446
-406.946   441.57   -2.832
-206.828   282.171   -352.59
-253.473   779.294   -320.667
271.799   1167.155   301.642
396.98   629.879   85.144
-46.052   1027.685   -405.841
-87   811.242   397.609
304.609   606.219   268.358
346.633   249.708   210.049
269.348   839.139   303.671
252.726   623.323   -320.77
-199.587   395.712   -356.696
11.006   512.349   410.087
-57.569   1009.269   404.072
282.444   1017.498   -295.006
104.245   974.355   392.574
-278.728   1123.781   -298.513
-394.233   1132.484   95.613
388.862   1190.555   -117.574
-304.426   230.055   -272.663
240.211   395.387   -330.184
200.402   93.337   352.082
-365.751   367.515   178.591
-30.249   699.183   407.672
-249.146   1041.24   -323.928
105.25   1081.072   -394.536
287.549   488.013   -289.339
-295.677   258.37   279.482
-182.849   1121.15   362.87
170.948   405.03   -371.107
-350.189   323.042   -209.787
-285.048   403.754   -292.777
205.615   720.777   349.3
-240.433   577.193   -330.624
-376.207   31.592   -158.345
-110.608   207.262   390.784
-392.51   1006.747   103.468
311.562   846.143   -263.101
-121.851   356.016   -389.536
-231.855   465.132   -336.693
242.749   1083.8   -329.027
-211.993   289.646   -349.546
290.874   971.942   -286.445
119.508   1193.278   -392.584
169.727   43.177   -371.763
401.231   332.31   -57.809
400.171   55.701   60.046
405.66   913.404   25.989
372.827   182.728   -161.433
-97.16   515.253   394.536
-332.341   934.086   234.048
-142.778   989.335   380.682
261.503   39.703   -313.19
-187.233   593.181   360.463
-266.773   901.374   -309.514
-87.449   695.252   397.287
-406.054   46.88   -38.984
-296.284   1126.536   277.998
-350.014   211.993   208.073
-79.267   983.254   399.816
-141.4   205.314   380.699
-387.68   115.746   -127.524
385.494   442.243   125.845
-56.022   725.122   403.86
-90.955   671.647   -398.142
-201.178   119.128   353.114
368.714   366.743   168.502
391.502   376.583   -106.212
-201.684   214.693   -355.547
-307.788   976.02   -268.256
-173.276   374.477   -369.997
405.885   1012.899   24.894
387.764   41.164   -119.268
17.663   530.87   409.245
-392.816   564.319   -107.824
321.438   154.136   -250.132
293.229   603.621   -283.673
-245.869   444.755   -326.587
-387.609   143.751   -127.579
111.156   682.245   390.208
395.25   465.516   -91.162
-316.767   506.169   255.182
-339.832   1072.87   -225.246
-395.184   1008.356   -95.5
402.885   391.201   44.257
-405.698   1061.505   14.103
331.01   1080.439   -237.37
242.003   677.355   -329.063
-305.056   280.057   -271.844
404.265   260.91   25.941
-398.605   238.507   83.309
93.37   708.435   395.282
202.364   465.051   -354.901
162.058   590.183   371.273
-361.645   1008.812   184.88
-155.935   1071.281   375.47
273.358   1192.527   -306.075
-369.968   1017.501   -169.977
103.514   401.296   -395.137
369.986   762.705   -168.161
74.026   282.598   399.332
-259.584   691.432   -315.75
324.345   25.712   243.333
104.756   643.111   -394.797
167.774   863.305   -372.689
364.413   804.763   -180.207
-286.503   219.887   -291.59
283.466   885.565   -293.869
-146.904   29.831   378.717
339.774   718.45   -224.381
55.197   1167.017   403.533
-407.64   81.597   -8.262
403.573   1172.188   -45.592
-59.615   589.331   -403.747
214.295   454.835   343.89
-403.26   270.761   -59.146
-407.688   71.592   -6.164
179.243   388.517   363.217
-370.863   531.61   167.127
378.203   1117.099   150.966
348.597   363.663   207.11
348.601   371.289   207.133
79.01   161.06   -400.66
13.483   705.842   410.909
205.44   1075.247   349.76
178.234   384.032   363.711
-210.89   1148.641   -350.188
366.305   292.785   173.402
-156.015   918.306   -377.847
37.39   329.133   -406.398
324.381   154.104   -246.242
-8.613   931.492   -408.195
35.884   927.139   -406.669
402.26   148.3   -48.75
92.891   346.978   -397.725
316.477   30.037   252.879
71.841   374.888   399.855
-396.632   800.165   -90.863
364.933   541.09   177.466
-215.492   448.011   -347.372
383.594   185.213   -132.862
-355.659   279.112   -200.363
271.079   221.478   -304.894
405.4   444.733   -2.579
184   991.13   -365.043
397.25   1179.49   90.783
-247.661   474.53   -325.248
-292.596   1172.568   281.789
-377.19   511.388   -154.684
-132.448   615.962   -386.45
-234.96   1025.117   -334.431
-366.756   1176.575   -176.5
-378.059   1190.804   146.941
-402.087   1098.961   -57.3
301.716   247.914   -274.032
152.281   171.235   -379.297
31.726   1057.187   407.267
344.728   76.512   -216.169
-234.174   1045.111   -334.978
246.481   431.389   321.84
4.087   1031.276   410.41
-319.634   934.344   -253.86
358.355   217.668   -192.183
216.33   314.352   342.573
-242.121   648.203   -329.412
306.782   535.838   -268.518
405.394   628.61   -17.722
382.464   934.646   138.678
-73.213   849.454   -401.869
-23.832   548.094   408.489
-274.608   722.759   299.853
-131.171   27.477   -386.134
-322.088   766.581   248.268
370.7   250.152   163.585
53.238   451.52   403.424
245.339   723.307   -326.644
262.331   431.663   -312.698
326.887   1057.802   -243.207
127.404   1189.694   -388.128
-342.277   451.3   219.973
-389.801   788.836   114.748
19.059   816.844   409.245
-11.101   679.514   410.213
-286.038   255.766   -292.016
-401.719   250.427   66.623
320.428   423.191   -251.517
-156.802   964.303   -377.51
265.049   122.699   306.56
-75.085   609.922   -401.245
-335.334   482.105   230.386
-209.266   717.174   348.152
315.744   418.155   254.67
-200.296   137.205   -356.348
345.707   895.718   213.924
-365.574   217.079   -181.655
217.459   42.582   -345.706
214.286   797.793   344.155
217.731   1128.296   342.299
37.169   261.148   -406.413
-54.857   593.493   -404.406
388.852   539.324   -116.183
-211.567   1087.118   346.735
171.699   72.085   366.978
75.36   108.575   398.675
-42.243   141.213   404.668
-407.597   129.566   1.15
-97.55   565.623   -396.48
240.01   614.961   326.826
-302.572   46.352   272.246
-390.14   654.847   114.258
362.016   402.853   -184.864
-338.518   1108.006   224.549
245.72   1069.413   322.907
-13.948   1117.023   410.255
-110.495   705.813   -393.285
-342.397   774.648   -221.771
-283.955   859.743   -293.749
-293.025   850.598   281.855
-403.994   510.789   -50.225
-75.945   657.422   -401.183
363.166   580.784   -182.61
400.423   507.635   65.088
327.865   428.793   -241.545
400.189   447.82   -65.488
219.139   1075.343   -345.219
4.88   429.05   -407.962
401.353   219.195   54.232
-282.062   1123.759   -295.326
-210.053   545.177   347.767
405.276   373.756   1.254
379.034   951.06   -145.937
-338.142   836.679   -228.233
-402.801   450.246   57.168
-356.556   1137.08   -196.904
201.23   569.771   351.697
-360.491   819.773   187.753
358.621   628.878   -191.799
111.209   392.289   389.866
-51.826   821.127   404.663
283.006   120.744   290.095
-20.736   1061.513   -407.824
357.013   851.502   194.4
-208.546   417.659   -351.563
343.376   571.004   -218.52
-16.585   1097.492   -408.004
236.445   69.46   -332.868
354.652   579.534   197.502
397.386   555.853   -81.625
183.275   173.784   361.332
-16.052   1097.23   410.088
-266.669   692.729   306.857
242.684   377.932   324.602
-393.904   818.739   99.462
68.146   287.147   400.562
-147.9   1058.24   -381.096
-389.99   918.81   113.159
389.665   548.117   113.064
122.317   960.244   387.001
384.498   580.219   129.864
-142.029   807.934   -383.196
-405.609   651.353   -31.657
-396.219   288.547   93.55
-243.788   264.753   -328.31
-192.664   437.257   -360.451
-357.277   615.852   194.388
321.063   113.697   -250.618
-27.318   861.569   -407.419
313.57   475.161   -260.302
405.63   1036.564   -22.799
-401.714   420.403   64.584
-89.226   949.229   397.41
-19.952   597.553   -407.608
-404.993   737.9   34.422
405.613   542.733   -2.304
367.781   109.156   169.298
240.126   927.476   326.977
-27.212   37.81   406.023
192.072   861.093   -360.85
337.26   971.67   227.049
-139.516   471.941   -383.826
-237.408   923.641   -332.679
-303.563   468.022   -273.314
397.33   1037.818   -83.156
247.205   1192.547   -327.672
-203.36   688.183   -354.636
371.942   31.191   159.068
-340.831   29.682   -225.021
-405.88   1119.543   1.124
-242.478   53.017   326.406
244.896   75.383   -326.604
351.006   1174.678   206.054
65.298   574.688   401.601
-198.32   426.712   -357.394
225.195   588.976   -340.816
199.338   31.325   352.585
368.66   574.232   -170.862
106.695   851.085   -394.276
148.961   981.24   -380.515
-283.061   87.359   -295.137
268.076   669.133   304.659
339.778   168.445   -224.09
383.945   745.498   -131.984
-396.53   594.502   89.949
397.058   645.956   -83.551
-306.608   1060.396   266.701
-196.721   34.721   -358.272
20.51   420.897   408.547
-55.207   565.493   -404.358
-247.074   509.071   322.765
-202.547   696.686   -355.114
-372.281   879.654   162.634
-357.725   273.883   194.397
195.838   1107.041   -358.853
216.763   569.318   342.467
58.598   274.981   402.376
-195.995   771.214   -358.753
-23.606   130.805   407.194
-278.457   864.723   296.17
-241.406   579.031   326.915
235.245   927.372   330.469
167.863   135.614   368.766
-264.517   544.717   308.681
-178.461   363.842   -367.569
238.677   1059.338   -331.975
-235.821   530.169   -333.938
-402.148   508.719   -63.891
358.385   1174.5   193.125
20.847   824.849   409.077
-130.71   167.983   -386.613
-328.173   720.269   -242.696
-377.679   243.728   152.289
392.154   344.078   102.183
-387.603   838.199   -124.235
-279.672   480.749   295.189
-100.933   549.157   393.559
363.195   574.793   -182.554
405.778   634.82   11.342
299.211   643.394   -277.264
368.808   1043.258   172.071
281.379   141.553   -295.2
-332.848   381.125   234.028
-99.13   369.25   393.902
-289.409   925.72   -288.3
-316.756   609.496   255.271
198.406   425.087   -357.142
-396.266   28.696   -97.576
125.736   633.144   -388.788
-237.406   1189.045   329.471
-398.49   840.593   -81.779
-241.975   1142.209   -329.319
-214.732   43.211   345.075
-210.922   586.64   -350.151
-224.388   869.059   338.641
184.177   761.143   -364.935
184.794   973.976   360.968
333.82   314.475   -233.011
244.352   857.314   -327.575
-46.864   27.165   403.955
-223.546   1183.032   339.076
-394.902   303.064   98.844
-322.594   781.584   247.592
-248.814   397.083   321.483
-303.283   742.505   270.923
-223.37   514.578   -342.374
293.222   560.385   280.557
392.705   165.585   -101.531
-389.921   1146.255   -114.61
289.673   1150.692   284.781
-148.024   89.928   -380.395
-328.878   344.149   239.578
403.766   555.188   40.699
-316.919   620.382   -257.554
331.381   593.342   -236.849
-397.945   926.429   80.818
333.275   586.379   -234.101
-356.792   935.876   194.398
227.591   81.353   -339.087
-129.813   345.336   384.616
71.796   638.893   400.373
-395.717   558.743   93.707
405.218   370.789   6.453
285.603   1041.568   -291.907
21.682   54.941   406.988
-168.174   212.445   -372.253
-356.484   301.109   -198.818
34.709   34.367   -406.461
-29.838   1081.093   408.166
400.286   101.921   -63.271
362.349   732.874   183.719
40.577   1170.603   -406.117
-312.458   166.253   260.849
-312.236   31.422   -263.682
15.65   289.902   409.147
187.361   275.938   359.201
-215.519   226.537   -347.446
6.477   760.05   -408.159
394.072   1026.014   102.101
-25.95   973.547   -407.522
327.938   280.294   -241.414
-317.117   190.198   255.168
-337.753   1176.692   -228.303
-404.916   749.904   35.073
-292.531   957.711   -285.063
-83.512   177.334   397.634
183.691   1191.612   -365.403
75.487   556.87   399.396
-188.273   620.584   -362.783
253.212   1131.341   -321.122
-121.771   41.205   387.593
-9.547   339.508   -407.79
361.372   930.798   -186.329
-339.388   84.706   -227.388
-337.933   420.697   -228.997
-197.452   566.725   -357.912
-402.639   634.719   -59.483
-380.632   1161.833   -143.097
146.702   1064.299   378.342
355.629   215.495   194.205
402.078   1097.56   63.997
333.242   1014.376   -234.17
-126.847   1137.986   -388.573
73.338   279.081   -401.676
402.228   682.262   -53.45
337.647   472.911   -227.38
350.454   268.488   -206.591
287.373   899.964   -289.988
-82.631   567.409   -399.78
-297.635   58.375   277.603
234.774   457.53   330.432
-223.934   1190.516   338.766
-62.976   295.465   -402.97
-158.308   456.358   -376.616
11.266   381.069   -407.824
293.336   288.372   279.95
-328.687   1070.259   -241.55
-109.388   871.813   -393.682
-242.4   1143.211   -328.998
134.343   150.35   382.367
-403.994   513.823   46.974
326.238   641.531   -244.132
259.489   1179.623   312.114
405.119   470.862   17.216
274.726   704.655   298.764
-397.543   1042.418   81.645
-129.815   377.258   384.611
329.237   628.511   -239.942
85.278   1094.805   397.523
-293.571   172.398   281.792
-21.197   791.56   409.169
-247.19   716.744   -325.573
-197.786   114.718   -357.755
387.257   726.223   122.803
-353.274   675.941   201.439
-402.168   66.737   -68.837
-178.11   916.474   -367.99
209.383   207.013   -350.858
160.936   157.27   -375.705
-348.803   408.52   -211.927
-202.12   280.696   -355.266
405.971   756.816   11.991
240.102   583.964   326.729
-61.402   599.466   -403.492
378.504   1113.101   -147.388
-406.225   621.977   19.034
-125.724   294.004   -388.306
112.334   1188.167   -392.545
-406.788   134.93   -27.936
-231.289   160.92   334.348
187.998   987.107   -363.008
182.57   431.984   361.579
403.524   537.185   42.497
15.697   395.882   409.257
73.173   888.886   400.207
382.013   41.173   -137.219
-209.423   909.143   348.044
-394.5   158.6   101.73
-324.117   256.315   -248.65
90.972   323.25   -398.154
-303.065   224.041   -274.189
340.945   1192.587   -226.471
206.255   588.293   348.865
-228.58   201.63   -339.072
-8.186   535.794   410.193
-22.149   1089.069   409.61
-227.646   580.563   -339.543
-295.291   114.38   280.071
193.092   1021.889   356.674
320.165   304.131   -251.797
282.16   993.156   292.042
-245.961   731.737   -326.495
330.313   771.332   -238.444
252.738   813.328   317.403
379.465   595.114   -144.616
306.126   168.176   265.703
26.851   57.118   -407.021
405.419   488.811   8.692
11.172   537.067   -407.971
175.468   47.547   365.149
110.736   782.293   390.458
298.515   633.413   -278.023
-177.944   484.505   -367.901
244.012   907.303   -327.886
-407.06   265.513   13.777
394.691   163.917   90.227
-6.523   252.333   409.415
-334.935   124.146   231.557
-345.25   1057.945   214.074
-227.953   731.587   -339.364
-321.601   736.569   248.95
393.234   264.091   97.281
-199.954   1103.029   353.596
-3.174   325.488   -407.912
273.139   60.711   299.26
113.279   1042.722   389.958
-51.161   353.501   -404.649
173.836   1000.076   366.425
161.072   174.193   371.788
-310.59   1134.667   261.924
322.179   467.164   -249.311
-391.949   979.039   105.765
75.241   506.58   399.321
314.624   416.172   -258.899
-73.418   661.464   -401.648
